,taxa1017280,taxa102106,taxa1263,taxa1301,taxa1348911,taxa1350,taxa1357,taxa135858,taxa1485,taxa1578,taxa1678,taxa1730,taxa189330,taxa191303,taxa207244,taxa216851,taxa2172,taxa239759,taxa239934,taxa244127,taxa283168,taxa292632,taxa29465,taxa33024,taxa33042,taxa35832,taxa375288,taxa397864,taxa39948,taxa40544,taxa447020,taxa459786,taxa52225,taxa561,taxa572511,taxa577309,taxa577310,taxa61170,taxa724,taxa816,taxa830,taxa838,taxa841,taxa84111,taxa846,taxa872,taxa904,taxa906,taxa946234,condition
0,,0.0005516985509480964,0.009309611901751886,,0.0003856670001351139,,,0.0037668282613404873,,0.0003175077359259149,0.00024463052559325167,0.09339264695047018,0.0017366057007645686,,,0.014519027476715934,0.0005952642662158318,0.0009275281315066249,0.00048203355925268543,,0.0007468408331611785,0.04504152896788805,,0.0025104492468451495,0.00041798995017246606,0.00047821904962094813,0.004832782939746207,0.0006555937474967282,,,,,0.008880881095511104,,0.0007596897077101881,0.006715143061176102,,,,0.043639395532727394,0.1917553991874291,0.5510661454038873,0.006481253391651163,,,,,0.009789637824356287,,Control
1,,,,,,,,,,,,0.1812564372928082,0.005708170217890614,,,,,,,,0.003449049142633343,0.0018037919774660492,0.001088653257976996,,0.00243721802377798,,0.09849647662492833,0.003682062713152144,0.047313471719824564,,,,,,0.02641010653315237,,,,,0.6203357168234066,,,0.008018845672982826,,,,,,,Control
2,,,0.3650640705381169,,0.013250216899162906,,,,,,,0.10162710687109255,0.04333570444138177,,0.001338370177212449,0.01883864418985356,,,,,,0.017495652112670478,,,0.026330303861311306,,0.03144575672167315,0.06810259561500541,0.05121934524844472,0.0005829096224876122,,,,,0.03890297223382589,,,,,0.19370602867426742,,,0.028760322793493946,,,,,,,Control
3,,0.002093079970236901,0.025555951138585,0.0023853765986269924,,,0.000267045872534403,,0.0003289156899124105,,0.012154467727730392,0.18771368178866296,0.0009547190547341287,6.405603000620557e-05,0.0002919686964958619,0.1281492256270905,,0.030942123190676768,0.00019315188570130583,,0.0004331980322774619,0.06632553733553806,0.006629580484379456,0.02369133038799481,0.02715899154821129,,,,,0.012398339746405891,,0.0021429256181598193,,,0.007437823293024309,,,5.203186055111579e-05,0.020305542890704343,0.35113526195910233,,,0.06785938411548187,,,,0.004634333529254422,0.01870195592792101,,Control
4,,,,,0.001324571383184251,,,,,,,0.08721593093418085,0.010615259903331987,,,0.0010187448028017817,,0.0007861500272867189,,,,0.038286623596343855,,,,,0.050486879775620185,,0.04963755335079182,,,,,,0.007720521430764611,0.007679791952606731,,,,0.6374224273570459,,0.06535252988461979,0.042453015601421534,,,,,,,Control
5,3.641469504789811e-05,0.011925096608901979,0.06915477912697407,2.95613676091083e-05,4.183598391738856e-05,,,0.011557471850468988,0.0,0.0021824267796122306,0.029801131780996703,0.0573361648145464,0.01818402575296332,,,0.05727264367515105,0.0022022707426439503,0.001833418522580129,0.054906302227853095,0.0001166088549286625,0.005831158765717775,0.29192924542921417,,,0.014509926226487333,0.0003312100633850957,0.0167392011250095,0.0010554124255736314,0.057752478884335594,0.0003112638118841405,,0.004994950529716181,0.00517896748587115,0.00137639364203516,0.00544634954445319,0.0011557574138938223,0.0,,,0.02889761773223804,0.15225024914913893,0.00704092449136803,0.017347715228492492,,0.0003617943156865607,0.0024931791491501925,0.03501109267304627,0.033404959129107785,,Control
6,,,0.0463728469742181,0.006668294620826394,0.0004252813297435034,,,,,,0.00010600793185085373,0.11043777214646797,0.004970813975344305,0.0012714703810402,6.747852636478704e-05,0.01867530697262486,,0.00011787915408169588,,,0.01283841444207078,0.021227932152840943,0.014760198707598782,,0.07982699255601472,,0.028053364267933485,0.019606885517160944,0.037705605143363234,0.0019203263961312309,,,,0.0006334442528966043,0.017305846941416042,,1.3016691042590093e-05,,0.020275839303221733,0.4796546515666109,,,0.07706433004913542,,,,,,,Control
7,,,,,,,,,,,,,,,,,,,,,,0.08146718370656325,,,,,,,,,,,,,,,,,,,0.9185328162934367,,,,,,,,,Control
8,,,0.3912093818557924,,,,,,0.04179264282800466,,,0.20464617285510395,0.01367684076520413,,0.001674138331622006,,,0.0019565876101343403,,,,0.0601907121512078,,,0.0014152443378984186,,0.04439218264339548,,,,,,,0.0025685967367365006,0.08576811106959197,,,,,0.14185634916641057,,,0.008853039648897772,,,,,,,Control
9,,,0.08625596677538137,,,,,,,,,0.05932427262704264,0.1310736649006172,,,0.034563528066983,,0.0154457675462601,,,,0.2600233348486571,,,0.02947356529257805,,0.02442554063296655,0.007682099458145511,0.19266751191699624,,,,0.01114550549324089,,0.017985832742972434,,,,,0.033924623964100974,,0.013126830591185952,0.08288195514287203,,,,,,,Control
10,,0.0096913083230735,0.01677318027669398,0.0001918076721851692,0.00018551889604795054,3.174817630563615e-05,,,0.0013297718574022041,,0.004860209635338216,0.1748939073322464,0.012168680393644927,,0.0009751660287616162,0.06587310426364824,0.0014431726916185013,0.02457014693624013,,0.0,0.003484184843765501,0.27327572408664147,6.430780759671986e-05,0.03196655912859472,0.04402822889603374,0.0002006322451519115,0.01173637775014774,0.0013358577697930609,,,,0.0008422902748945769,,0.00015620508469865705,0.014334555181677672,0.01187483225703973,0.00012628268211027795,9.595455202917507e-05,6.897367376304338e-05,0.2533575471500991,,0.0001115750604990408,0.039676192945332076,,6.238060200628188e-05,,,,0.00021361552491907254,Control
11,,,0.017772392823790166,,,,,,,,,0.04212716453312612,0.02056225395519429,,,,0.01520426049121627,0.025581771620141667,,,,0.23351210071092993,,,0.01206234832820005,,0.03647534270171865,0.007606051979464996,0.08949718444648397,,,,,0.09895861876935791,,,,,,0.3400475092917439,0.008055140784714811,,0.05253785956391726,,,,,,,Control
12,0.00011881741300932761,0.0055782709456253625,0.1697547100673722,0.0008649786733325352,,,,0.005555696644934872,7.880849616055488e-05,1.3907381675392039e-05,0.014210723840920514,0.08221167276777454,0.0035504134523482705,1.8744731823354485e-05,2.6605425813793463e-05,0.04906725811334477,0.0034320999299793553,0.0748486211738072,0.06443884521164818,0.00020820761261855034,0.0021363955372219984,0.21208353942460528,0.0009748268329425157,,0.010031757203721372,0.0007431379164807311,0.022142466411657694,0.07832466036763056,,,7.114935842628098e-05,0.0009102280528416005,,0.002171264769538562,0.0035354982893920535,,0.00033730439469229823,0.00025113909518171705,0.0006450807978564089,0.1883855626059934,,0.0,0.002887293369565086,,0.0003787242053342267,1.1589484729493366e-05,,,,Control
13,,,,,,,,0.03846683705876761,0.1648051413769286,,,0.04558153455529933,0.06519033240761853,,,,0.03101277856626657,,,,,0.13195958207383116,,,0.011322900042149331,,,,,,,,,,0.0004263307956800723,,,,,0.0006827181858793857,0.3125107792073402,0.19339685739308496,0.004644208337154256,,,,,,,Control
14,,0.0005003438313187945,0.054004880213138214,0.0031041992906695797,0.0033677068167091676,,0.002605302734895922,,0.023272397519452422,,3.928319336800454e-05,0.12326342441107255,0.013040159415333758,,0.0011703290318925772,0.008297127323445824,,0.0012232579661147307,,0.0002484145096403024,0.009100572004646167,0.07871411221843772,0.0006116806714696919,,0.03976420573311331,4.972425265792153e-05,0.0463571661021603,0.05389385350346127,,,,,,0.00019465856082092773,0.010677171957423634,0.007787996462031553,0.00020055103982612838,,0.0017807691814664378,0.22145176623439994,,0.2846212087066442,0.01061607625405392,,4.166086033501533e-05,,,,,Control
15,,0.0010275599222475953,0.0009662136883865746,4.601018645349249e-05,,1.533672881783083e-05,,,0.0010582336070200252,9.202025933860123e-05,0.006272711183927968,0.05985916944393682,0.003282058149921658,,,0.1208844590524236,,0.01591956176333828,1.533672881783083e-05,0.00024538720681175816,0.0019784407431413875,,6.134691527132332e-05,,0.003711482922632641,0.0005367855086240791,0.04426180118535391,0.007223596547557111,0.06223638285300967,1.533672881783083e-05,,0.009125344561138645,1.533672881783083e-05,1.533672881783083e-05,0.004248275245359746,0.00013802987795017487,0.0014569915090616046,3.067345763566166e-05,,0.1952672076863983,,0.43139064143404077,0.021793432140304516,,,0.006717479045286272,7.668353052077039e-05,1.533672881783083e-05,,Control
16,,,,,,,,,,,,,,,,,,,,,,,,,,,,,,,,,,,,,,,,,0.5555829999999999,,0.444417,,,,,,,Control
17,1.3493924667098747e-05,0.009314079274762884,0.06651595043231673,0.0004623713732521789,0.00024452627124015296,,,,6.399391546669556e-05,,0.015282380818999446,0.03013837406385898,0.01470684448660728,,0.00011398277275617503,0.05677568803681796,,0.0344399714583048,0.08138502869503526,0.00034205054497054855,0.0047639687676979976,0.15790243074652074,0.00018922162544545283,0.07728543126378783,0.06767816580762162,0.0008572731231688643,0.014614533774680085,0.00732280534604761,,0.00019187951969806317,2.330768806135238e-05,0.0013911009611354526,0.019301116928946312,0.00013033904507993104,0.00841980008546152,0.011505921992848216,3.557489230416941e-05,2.371659486944628e-05,,0.08034292969460792,6.716294322942331e-05,0.2008172002559757,0.03641948931628737,,0.00019300401342032142,0.0007248895440484638,,,,Control
18,,,0.008909710322006896,,0.0006840473072223663,,,,,,,0.29839895226715074,0.010833988556668377,,,0.004771118731151961,,0.0074574270711546195,,,0.007101352462927434,0.1070675716262048,,,0.001225360333803845,,0.08411065360942678,0.015023749040583251,0.0008235030317861865,,,,,,0.019737961405540412,,,,,0.3755223003286167,,,0.05833230390575556,,,,,,,Control
19,3.9889189459810827e-05,0.000169529055204196,0.06996635061946282,1.088812059234632e-05,0.0001966984776168733,,,,0.0031565373904166626,,0.00021277626316445008,0.0036164841668410116,0.0004381705352396567,,7.397816514612876e-05,0.03210560785019249,0.0013039287595357546,0.09560431307966524,0.0018202495435129997,0.00041283275928176666,0.00446870855899896,0.5482107663364547,0.0005268018720240833,,0.009621333552588198,0.0006521678960406316,0.016944663111373062,0.059262717528368127,0.0008665722893871148,,5.037027750664888e-05,0.0006783197370895381,2.9509859549349846e-05,7.591156973729305e-05,0.005983073144562492,,9.575440633082141e-05,0.0005877549957139473,0.0,0.13685757035761065,4.579116136968079e-05,,0.005913979369962463,,,,,,0.0,Control
20,7.573755911737254e-05,0.0056465544074494126,0.01559179828137588,,0.00040707670663487386,,,,0.003834632159810103,0.008993607020009925,0.0035752791795929154,0.03610481429292449,0.005230758249564079,,2.6665298591524735e-05,0.05850690955678218,0.0003320488702937017,0.02195050880025826,0.008862206917444845,0.0002851057780964547,0.00717620976809707,0.07227968836275676,,0.052742642557451556,0.03270666164047757,7.259450110848559e-05,0.01810796830094193,0.004094999029707577,,0.0009200034958916177,1.622223488457779e-05,0.004283075565400651,,0.002486361662965632,0.011416803355893729,0.009878529932963646,,0.0002120043321478259,,0.12111824731729862,,0.46385250095153546,0.028292997084256054,,0.0,0.0008702215125895694,,,4.856531568570475e-05,Control
21,,,0.016259859550164932,,,,,,,,,0.014555314835751575,0.007215682172101601,,,0.00415770230057924,,0.008248569534171609,,,0.002531716345562748,0.07217205250089907,,,0.011445730677125406,,0.02241710272289269,0.008125621067615545,0.18951699489498328,0.0004688474939004233,,,,,0.015020354634681227,,,,,0.3517989504990636,,0.1982105637282384,0.07785493704226873,,,,,,,Control
22,,,,,,,,,,,,0.06762440676244068,,,,,,,,,,0.027983802798380274,,,,,,,,,,,,,,,,,,0.3063650306365031,,0.5231790523179052,0.07484770748477075,,,,,,,Control
23,,0.0020588497386852325,0.05506931070566542,0.0019497562350570406,,,,,,,0.005461436758415211,0.018475857789301383,0.011307677891792768,,0.0029061661646448034,0.04027003518341181,0.0014032795263182276,0.10318570186834483,0.001038860801432566,,0.010296267074621874,0.1838008560156489,0.022336011826099098,,0.004194397962807491,0.0004456585680130379,0.02895670582427105,0.014251587784797369,0.05432684918282305,0.017768617018324176,,0.00018104879325529663,,0.0008398484155354396,0.009250140100884744,,,,0.0008549862745032737,0.3572020029203957,,,0.0521680895749501,,,,,,,Control
24,,0.0013159227175700867,0.04299868102140808,,0.0004983182680484416,,,,,,0.0011793567468805582,0.17366428522730276,0.007463498898146547,,,0.03382663223995905,0.0015061245517480177,0.03249089902664079,,,0.017788033807243246,0.12123075023085024,0.002537324080426819,,0.005021960672161691,,0.020272881148932883,0.016123636039464616,,0.009048022433068185,,5.637561290038407e-05,,0.0019522822059914319,0.01323267353493744,,0.00032223668083995234,,,0.1615461628281548,,0.30529449197616965,0.029591295773968147,,0.0010381542771861383,,,,,Control
25,,,0.07668214026943719,0.034332977194856874,,,,,,,0.0015606643005972483,0.18196322358537292,0.019637966817718504,,0.0028616954647607126,0.007415969740510136,0.011422118246161279,0.022777511697306855,0.0007723497361709794,,0.013646141628494353,0.018999987719362878,0.00235297007208734,,0.09892155538362664,,0.03463252240192888,0.03771844183276228,0.009847228874233997,,,,,0.0007854490824317299,0.013490586891647938,,,,,0.3444810816785175,0.03782487402113089,,0.027872543360882893,,,,,,,Control
26,,0.0013903244606945804,0.0045425785230944595,0.00013624515595139772,0.0005384400513263877,,,0.004204380613823671,0.0017918149867256563,,0.0015928809591658974,0.06430187740592443,0.010687899176169614,,8.452432126970021e-05,0.023789571469741092,0.0005719479072583048,0.033709204940084316,0.00016602991677976825,,0.0077028825208533555,0.1876480181864139,0.00023012752707595753,,0.08794343068925155,0.00021412828054990712,0.005283575072892164,0.014555691867794299,,0.0015421663664040774,,0.000843633225625198,3.813656876335282e-05,0.00020990206448642215,0.00998373108063942,0.020498154149822177,,0.00031163312258602566,0.00010173105809960344,0.05174216701039889,0.0002643397523517885,0.42964618119116493,0.03227269397526737,,0.0001804191762340148,0.0002472336397138731,,0.0010180149503399491,1.4288635262258842e-05,Control
27,,0.0013959404925611518,0.043991413392623614,0.000278916291032214,0.0007338801960442811,,,,0.00017228412579501078,,0.0015022590337829514,0.17479834498516245,0.007011378488361517,,,0.03980955077123281,0.0015592340632479278,0.033272476335499915,,,0.020118457881444687,0.11427309166581812,0.0025522722373540006,,0.00512587090775544,,0.022804856656052933,0.017613751953093552,,0.009923377471383376,,2.812162004785066e-05,,0.0018050107499858344,0.01283945356660548,,,,,0.15881501974681342,,0.2978706811098192,0.03098302102305408,,0.0007213352354281397,,,,,Control
28,0.004914213999399651,0.01199297907237849,0.03115375972456934,0.0001841884431236038,0.0006135123212428874,,,,0.022128422360166038,,0.0037989255086793485,0.05224732703907075,0.010727188826218979,,6.91354482630522e-05,0.0037927064278760756,,0.16465223729358866,0.000954732554649136,0.0002921931464071126,0.003879980861815341,0.15286086009058303,0.0003555241192537765,0.041854724760067866,0.004143151631140513,0.0016684757281714407,0.03295594569001117,0.015454623098826996,,0.005488131506195033,4.747231679831769e-05,0.010652041599846096,,0.012648781143083637,0.018664601655436385,0.014165822253695374,0.00010800470328350881,0.0007838114839058479,,0.36989745150360787,4.736866545159648e-05,0.003348042150442052,0.0026720280671262706,7.037926442370682e-05,,0.00018087160002852482,,,0.0005303839411724707,Control
29,,0.0002175854904949814,0.08288811221421427,0.0067051506555906104,0.0002475349021196948,,,,,0.002447208634435472,0.00038331226824381477,0.1327321742710032,0.009642605027963507,,0.0016156602056338662,0.00839467937647335,,0.02679165822455065,,,0.012990909047053944,0.08503854026969748,0.004239952273904054,,0.08012713826738835,0.00016602828189270637,0.021445386745395433,0.004630199137456946,0.03766580717885387,0.00046994445891664343,,,,,0.017560304848829845,,,0.00022331406922856747,0.00017336488272694825,0.4408261937152064,,,0.022377235552725434,,,,,,,Control
30,0.00042338708237953945,0.015596270481005868,0.13897010352737232,0.0016309225360753637,0.003432689052633919,,0.0,,0.0008747211800739413,0.0,0.10343863544311878,0.11612800834575394,0.007246232686237531,6.558368922429386e-05,0.000255704990490365,0.19317201377726656,,0.07449572721754721,0.003306723490904521,0.00014310095798084651,0.0020627753201743694,0.08091670698074623,0.00025499101564655473,,0.045852790422782244,0.00019736304611043333,0.020164383528110768,0.024228124346266783,,0.012060259068831966,0.0005708738858295067,0.008933559234973916,,0.0011412377896277207,0.025699116517328625,,,,,0.07207565848624889,,1.39735076574312e-05,0.04634482108657383,,6.39517467241559e-05,,,,0.00023958955830150278,Control
31,,,0.08434055864646779,,,,,,,,,0.19312120255539306,0.02872832545600344,,0.0025094582741319073,0.0045529540348859966,,0.003357555528405418,,,,0.16019683711922708,,,0.0018582684262436536,,0.04393391849459792,0.06289439623227756,,,,,,,0.02597937402670374,0.01488868064595552,,,,0.34292897751410445,,,0.03070949304560252,,,,,,,Control
32,,,0.017433386231581985,,0.0038705445532317404,,,,,,,0.06716363040817272,0.01302954654872324,,,0.008480970357310892,0.0095039082538834,0.048600226508428435,,,0.0034663131561594373,0.13248018734962946,,,0.0019483679854203212,,0.008630755813837293,0.003345874709724936,0.052880051406705264,,,,,,0.010381373336989609,,,,,0.5161076692362656,,,0.1026771941439356,,,,,,,Control
33,,0.0024197036848698774,0.0012600477677950019,,0.00034372505158476605,,,,,,0.0012394492326213387,0.10744216753183981,0.0036285672137485033,,0.001236952440479076,0.04702385497632521,0.0029710786162861175,0.042586223075477825,0.025093385227770906,0.0015738113136726213,0.006014668237703768,0.04675066430275936,,0.10361812229995337,0.012918402544064738,0.0002770398947851792,0.09163133532397025,0.01298040621559759,,0.006722612843041036,,0.00023105730616518322,,,0.019582236738756687,0.0073771885163374466,,,,0.18234697212976578,,0.21729998146131835,0.05414314567096816,,,0.0012872003823421038,,,,Control
34,,,0.0728349488408631,0.04179301866083034,0.00045925942516953294,,,,0.0004661431794170405,,0.00020918393504366198,0.19900522559141468,0.026644135899281836,,0.0047736267141447065,0.0038231549149851203,0.01870685902410351,0.01084160471202225,0.0006391617190111106,,0.012168011687176315,0.024013103380324027,0.0027471316577590546,,0.09300928043089425,,0.04151818220393358,0.032589439231912744,0.007293183511333177,,,,,,0.011891736833869631,,,,0.0006137842966359708,0.3157269845529582,0.04954700273634369,,0.02868583686057243,,,,,,,Control
35,,0.0003631178298785438,0.008949544391029213,,0.0005182234553035784,,,0.004000620824069661,,0.0004184338166806111,0.0004686298119637937,0.09258510781196261,0.0022387413896299497,,,0.01394414631369646,0.0005847833450490786,0.0011518976997584767,0.000494229769558217,,0.0007651877520968372,0.04839496297242211,,0.0030185863723494757,0.0009629599735125771,0.00028762305297263695,0.00566823217936756,0.0007785398868421637,,,,,0.009558722989785919,,0.002499860957093066,0.006249702588727947,,,,0.044170568401380034,0.19170754126562578,0.5442932474138521,0.005862791857085173,,,,,0.010063995878306435,,Control
36,,0.001906178372211747,0.08710951310948974,,,,,0.011104068197481163,,,0.030928698952384568,0.035274735549840515,0.01551073600233091,,,0.04063282283456842,0.005600299044385382,0.08253712696153957,0.05128001766549188,,0.02318293176202845,0.18787743187494232,0.00024388146588518852,,0.00746744803352436,0.0007661864452413582,0.025376717031963605,0.03385110227743755,,0.0066987570289414365,,0.003110453988949049,0.012716378273615592,0.008531885753690783,0.007824765166254737,,,0.0009128075233623206,0.00015653495884800287,0.28458159875206157,,0.012217866608004323,0.01033495976634131,,,0.0029545451699364384,,0.00930955142924766,,Control
37,4.7867527024616406e-05,,0.011452305840639469,0.007272111780411371,,,5.4966524676572224e-05,,0.0005112292451929899,,0.005883040768427958,0.06637927895886506,0.003337948695949627,,4.878025529415357e-05,0.07657962585645606,,0.001717146117755942,,,0.00973495689437919,0.01375643764995999,0.033183757452806634,,0.0019364037309492063,0.0007424537401424081,1.6530523103839985e-05,0.02393498048333425,0.059790699238084874,0.0187700540345277,0.00020800063120230558,4.4520856702980076e-05,,0.00033547834618099793,0.006986934903307089,,0.0003085021551035658,0.0009129310980415186,0.007187937951109612,0.5791595537245551,0.0,0.00017737352704672474,0.0691247655936329,0.0003351741034244856,,,,6.825179171094667e-05,,Control
38,,,,,0.00013159087549481844,,,,,,,0.17824285244099541,0.018313795133934805,,,,,,,,0.006796377769737816,0.0035542807767475555,0.0004825679351931783,,0.0025068623263388374,,0.07683702495591858,0.004641513378779998,0.04436256114024462,,,,,,0.0028820341397162294,,,,,0.6484918807715208,,,0.012756658355377442,,,,,,,Control
39,0.00011932247348733435,0.0028437840615261876,0.03185265332349418,0.0007935046821790657,,0.0014723942954852204,2.7221078857316418e-05,,0.02781032311318268,,0.00639296247103539,0.24641728133261304,0.010672197935311867,,0.0014975686766840917,0.034282492783599884,,0.026884192422736392,0.005616138374772649,0.0006534082274585164,0.007761486860354532,0.1306202445619499,0.0008563383002933224,,0.07455945600413597,0.00157554785747084,0.007208673822808581,0.017681523406187918,,,0.0,0.0012771393388695818,,0.003366305973727156,0.0146609046669721,,0.0009485420298062624,9.271540392755138e-05,0.0002416126585794137,0.20390123087373832,0.12999088503197812,,0.007885209733807526,,,2.5276716081793816e-05,,,1.146150688729112e-05,Control
40,,0.007031033316935011,0.006914208675009685,,,,,0.1383020365952893,0.00252643708302326,,0.04254084188290837,0.02296336600731601,0.014648452502208767,,,0.053404461796258074,0.0296476171047948,0.0003825084096474526,0.021192061497634748,0.00027437714066865854,0.004637140399521221,0.3092613836443835,8.526650725640602e-05,0.004447910678808331,0.016027126181688396,,0.0072519402596174605,,,,,0.0003392797195160625,,0.010906610428879812,0.006964820777780595,0.0002652074185195757,,,0.0005064782896110263,0.018030293665710746,0.1973479019973441,0.06985339519680427,0.010560185471325504,,0.001297337053144256,0.0023903202983946675,,,,Control
41,,,0.057430423798798924,,0.013098937854406413,,,,,0.010718710385939747,,0.1742158066220588,0.019886696894642016,,0.0035457769343859983,0.003427467397200208,,0.009169991755095247,,,,0.04841149393864146,,,,,0.02923147929365865,0.014177927517695465,0.025616354254848765,,,,,,0.0027339863529614646,,,,,0.552508880734963,,,0.03582606626470389,,,,,,,Control
42,,,0.07238809754672659,0.0001075107409315704,,,,,,,,0.16367090353649486,0.000999647040209017,,0.003414784552532182,0.014557360023043808,,0.01007659633165238,0.0003813588546251931,,0.0021708041397720773,0.20646017842725978,0.00035458259461959454,,0.0698314718423284,,0.0819679131150933,0.0649103198140267,,,,,,,0.02213575158121929,0.019536932982266813,,,0.0010345373183981304,0.24941071942942222,,,0.016590530129378018,,,,,,,Control
43,,,0.01793255433383889,,0.040909815620240174,,,,0.003379425575549409,,,0.010175303212523126,0.0018728724945411227,,0.00017096929270104773,0.00719750372692825,,0.01095609670427856,,,0.006175532250676189,0.06931611068936437,,,0.008024529743396338,,0.13298578344806825,,0.04484180585657841,,,,,,0.010456846136539109,0.021353053005741328,,,,0.6091807879883652,,,0.005071009920670249,,,,,,,Control
44,3.191068985316732e-05,0.010043578812876751,0.08338708765016933,0.000668674001014097,8.733997255266248e-05,,,,0.0010307774459388363,,0.004249509269537372,0.10799178361899962,0.016629510052799765,,0.00010039434567441276,0.029504022922650357,0.003632845548738503,0.01449947150510084,0.0011496136838011184,0.001495865389935161,0.0022625507954982726,0.5337176844691709,0.0,0.012975321640068553,0.07000376504697813,0.008297608210910598,0.014924774692916594,0.0001374853423219254,,0.000603091316997685,,0.004820689896681891,2.6108746243500534e-05,,0.027431382174232778,0.0023135250143546306,,0.0006574845383383108,,0.035449875455064055,6.931250490834071e-05,0.0016042374080728658,0.008219592790587758,,0.0001995454177181826,0.001419507667786511,0.00035184643747193574,,1.2225524034655009e-05,Control
45,,0.005633442921124959,0.07655810500307839,,,,,,0.0005931422454900667,,0.022875713762590188,0.03392590550769194,0.03531701320284741,,,0.10410873737963112,,0.05710764686709027,,,0.0036230367756240264,0.19153685811667276,,,0.03457085715895327,0.0006477684733226831,0.015638593681465716,0.009815920678290752,0.25006438450425944,0.0004474723046030897,3.048203873532737e-05,0.00043479660532701295,0.01459546411167492,,0.012819256600417692,,,,,0.03242624956238657,,0.015765048871862763,0.031017637330135565,,0.00012444317463894378,0.0015928122749057367,0.01337588075989811,0.03535333008728125,,Control
46,,,,,,,,,,,,0.33688103368810335,0.01580930158093016,,,0.00395140039514004,,0.005285200528520054,,,,0.017946601794660177,,,,,0.011939001193900121,0.019322101932210196,,,,,,,,,,,,0.3108210310821032,,0.25205102520510253,0.025993302599330265,,,,,,,Control
47,,,0.06023997784298919,0.00031072627504606973,,,,,,,,0.04421948341429216,0.04734065476869589,,0.008402409373350872,0.0066735094310413435,0.007060934601744259,0.02862682973732089,,,0.006359658759457347,0.1413507229853589,0.02727144636177125,,0.006710296680600803,,0.03758114864104877,0.013119240275769316,0.03668565627848492,0.001867482046814345,,,,,0.007271881761546862,,,,0.0011690282401100758,0.4497216061897722,,,0.06801730633478453,,,,,,,Control
48,4.0252040636513536e-05,0.0014777669830659565,0.00955808531688698,0.0003749421820499422,0.00013241603292515533,,,,0.004749436623516885,,0.009775568004960836,0.005001594873045876,0.0018724803185771585,,0.004085835600932551,0.04928279380390301,,0.00803844404469538,0.00016080538148491297,,0.00793391040767713,0.0751253136262587,0.00015046354736671558,0.03985540088092149,0.0011561562200961305,0.004654028134249985,0.06218615828643515,0.010830232303955837,,0.02074592202216519,,0.006105129407775884,,0.0005709300776428406,0.0036043319712529454,,6.377464372888415e-05,0.00044439469549077774,,0.6039144450480561,,0.0,0.06786514329422295,4.785633042930576e-05,,1.5005798524443332e-05,,,0.00018098209706845508,Control
49,7.021449760245679e-05,0.002358694604861508,0.025844470275179332,0.0013457607868943872,0.0006703690720000985,,0.00010814057659940427,0.021166339682363967,0.0006585812366361823,0.00013304878523794002,0.0016414817001543694,0.03926558710595317,0.008248819678919866,,0.0001867603133309143,0.1042526409876361,0.0005435729646508442,0.06590240492342006,0.0038950083129865045,0.0002762453591804687,0.010424239069601533,0.29932799088134054,0.000166259730089321,0.07658341379812256,0.006256778005334252,0.000933801566654571,0.04409849710224255,0.014680980173885945,0.0021904873193642357,0.02181159553989311,0.00011910838863365661,0.0023421916353520253,0.010379855306883479,0.0030608395808860763,0.00855407336338719,0.052528541937018114,,0.00021874122318779967,,0.12261193830964492,,0.0002879306916281768,0.04685459551324235,,,,,,0.0,Control
50,,,,,,,,,,,,,,,,,,,,,,0.22975706892712072,,,,,0.03976281192884359,0.01099290329787099,,,,,,,,,,,,0.49207814762344426,,,0.22740906822272047,,,,,,,Control
51,,0.001248583686712257,0.014950945329576193,0.00034811138233487466,0.001546287976325603,,,0.019447762071263735,,,0.00024195404506333602,0.01670601948395436,0.008241458845784439,,,0.013391349880772107,0.003474157644553176,0.024268595604965255,0.00013055437014875842,,,0.16465880094229005,,,0.0019510569308794764,,0.020584038755392418,0.05366611289434602,,0.004934148678139523,,0.00031443944439689376,0.004390155333488789,0.0004704998034627455,0.003750791769408923,0.01697358033212024,,,,0.18297875472100228,,0.42004633621591336,0.008166755534371135,,,,,0.01311874832333408,,Control
52,,,0.03638417793447219,,0.007816017255293189,,,0.021362869324490705,0.000881919851756898,,,0.11714674367382816,0.0025388850917625176,,0.00018312528266497226,0.0022884494498688376,,0.01333300037827394,0.0008229333690129619,,0.01739032496311033,0.020444262757856484,,,0.00251946271329805,0.00013749810785955834,0.03740462353316083,,0.044950371712467005,,,0.0001329764959419047,,0.0005305700529737665,0.00834884811422578,,2.4766101639875603e-05,0.0001080048664875903,,0.6621777336715089,,,0.0030724352980456464,,,,,,,Control
53,,,,5.746586111577583e-05,,,0.0004963791431007562,,0.034021718846548483,,,0.07665225011335801,0.00628865366015908,,0.0007696973376655418,,,,,0.0004350551499666068,0.028507737483762847,0.027392737330452867,6.35576485132079e-05,,0.0016151358986391555,0.0080675571099992,0.3476116030680679,0.08003633954242147,0.06561870324933906,,,0.011726893799636645,,0.0003468257624937991,0.011355497827973201,,0.000770306516405285,0.0033307862893359403,,0.2347145378272584,,8.25437192352045e-05,0.017504344967361217,0.0018358616620061108,,4.264251178202446e-05,0.04032610962415092,,0.00032905804925128883,Control
54,,,0.07987366613933189,0.013360611849724108,,,,0.008682029894703597,,0.0018317565621986515,,0.08178798712365629,0.008246559189476805,,,0.0004128221106287075,0.0005149466826346122,,,,0.005430309399362361,0.011442996524367264,0.005007089524849986,0.022328219932678087,0.05352552656180847,,0.007880784386717753,0.007981570632679225,,,,,,0.00020002826956398478,0.008262722050167256,0.0026046913269368904,,,0.017029169433827346,0.029934338635815436,0.19006700586711844,0.4051905637307259,0.038404604171026965,,,,,,,Control
55,,,0.022425036883046173,0.0036450162349534083,,7.612962765474924e-05,,0.03965650229252582,0.0032995366746723454,,,0.4203679440066589,0.00986582049688856,0.013563279287848706,9.164517676916824e-05,0.0073634727357150655,,0.017531639566346607,,0.0003369977267651807,0.026952060366657243,0.04487582957762228,0.0013127188920739438,,0.006208184948655429,,0.02802677073531601,0.03095683046707699,0.01634397600013489,0.0005197708953330368,,7.085434095584678e-05,,0.011399480808351835,0.01268282359410248,0.011956178710577185,0.00025704093032887486,0.00011802161026368056,0.005170505023883084,0.06706047888638904,,0.1700607619934419,0.024260836654264227,,,,0.0035438548547273964,,,Control
56,,,0.03127678111642688,,,,,,,,0.007357878865827027,0.19314469658748298,0.006520152747770773,,,0.029420977396649922,,0.034709882508585775,,,0.0020256171367832023,0.21125411323323243,,,0.013037495344432696,0.0010129591122010038,0.020403202488348666,0.014156638023532408,,,,,,,0.004963027945848791,0.010806737176703407,3.924175298430522e-05,,,0.16802596017594357,0.23539933301063432,,0.01644530537661194,,,,,,,Control
57,,,,0.00030484864280276065,0.003175925678906444,,,,,,,0.09800724823565383,0.01400723592268275,,0.00038436991448641565,0.005497536379699194,,0.004296919089414744,,,0.002368297382877993,0.03461873911071619,,,0.002644928800244618,,0.04597355584240218,0.0012434048648548813,0.046634146741885235,6.002573410959775e-05,,,,,0.01232641275952152,0.009276797642476466,,,,0.619193664565937,,0.06105868977674531,0.03892725291458287,,,,,,,Control
58,,0.017746184087010865,0.0014141977524153553,9.341555219714463e-10,0.6633185504397455,,,,2.418538378209766e-08,,3.745593597480938e-05,0.0009401159156563026,0.00020929181844443236,,3.006119999766803e-06,0.0002518546156261534,,4.280018551818399e-06,,2.37359190978464e-06,9.154486004233932e-05,0.0023472766093410244,,,0.0012221798349008823,0.0005878464025555406,0.00011739652168305554,0.0005546584939732825,1.2772224965792884e-05,5.715614314637948e-06,7.06496073953412e-07,0.18111820407671797,,,0.00031165574334369344,0.12870976826299757,,,,0.00010183919620932995,,,0.0008907932599623455,,,3.0698804448093824e-07,,,,Treat
59,,,,,,,,,3.962550856612098e-06,,4.4294434625815975e-05,0.05180505389219582,0.00871403037352798,,,0.006227954711232596,,2.647341138478913e-05,0.00475829634346131,,0.00017674592735240403,0.22171727539025912,,,0.2332269602743901,,0.00024645718405978987,0.017202717831394255,0.00021078196645098733,,,0.13781402044108249,,,0.020101887708697773,,2.60912794272116e-05,0.003132883302051383,,0.0036926301103536157,,,0.2908714828671959,,,,,,,Treat
60,,,0.0011558148972508728,,0.006165369349369171,,,,,,,0.00034323885576878125,0.00010390433031216248,,,4.115755292496397e-06,,2.180557164146949e-07,0.0005058833413841296,,1.4051791931217943e-05,0.000992674783171834,,7.905127599832848e-05,0.00012931028251498923,,2.199085208386727e-05,,,,,,,1.232458816441796e-05,0.00011792129814397142,,2.425844794577803e-06,,,5.400562143391678e-05,,0.9769706608139959,0.01304770107427121,,,,0.0002793371884018385,,,Treat
61,,,0.02384867021816861,,,,,,,,,0.01055027230148127,0.004669680679401353,,,,0.769113912567208,1.5356769921171854e-05,,,0.0006722436806378433,0.11195538131968534,,,0.029350458653184582,,0.00024822515977485885,0.0020369784441216735,8.604551926460663e-05,,,,,0.009110198848795421,,,,,,0.0017508520387479864,,,0.036591723799607234,,,,,,,Treat
62,,,0.0028421486774999104,,0.03761011181803031,,,,,5.769807843560581e-07,,0.000217456488973152,6.77122968004594e-05,,,1.1742641709965905e-05,,1.5111805910936976e-07,,,1.7963493829637312e-05,0.0022388831114336823,,0.00010090976792819615,0.00019269154182763163,,7.406273245720108e-06,,,,,,,,9.719120596058844e-05,,,,,7.304827843604185e-05,,0.9525260563279526,0.003995949977528663,,,,,,,Treat
63,,,0.024544793336988915,,0.6456511649852843,,,,,,,0.009416018498862923,0.003211712532851766,,,0.0008124499975655468,0.04975581104508526,2.061403794573196e-05,,,,0.13479810568193232,,,0.005326592079077327,,9.997685753637215e-05,0.019905477391246863,,,,,,0.028114404833266847,0.027267853542032677,,1.041226360295263e-05,,,0.0012727579817215608,,,0.04979185493499863,,,,,,,Treat
64,,,0.0027314035724375517,5.7639656894049405e-08,,,,,4.7495712326281416e-07,,0.0001248074259781461,0.0415501306582037,0.0049373583199449015,,2.1188276847330553e-05,0.007685216019787918,,5.941040836201979e-05,0.002676326628801856,0.00014598817304024215,0.001372946259836196,0.021363430246875054,4.3060211437136826e-05,3.646448889117486e-06,0.013243596398964311,,0.0003847345031817121,0.03933398975971071,7.400214873208554e-05,,0.00034093008255025534,0.638768819467415,1.338229694807997e-05,8.59864106705911e-05,0.03658744919090668,0.028580077309371375,2.1562127602205228e-05,0.0011667197279089678,0.011662941731234208,0.002395489227472215,0.007869175810744297,,0.13198163478469582,0.004774063774670201,,,,,0.0,Treat
65,,0.0039667347916814795,0.0003270877109153874,8.045542600359446e-09,0.009636392494219501,,,1.7571344422058795e-06,,,1.0157455861142566e-07,6.862934886463844e-05,0.00010045447158332286,,,2.5397977327485774e-05,0.0013316007170375054,2.7335742795374495e-07,2.6231068165609056e-05,5.580684766459291e-07,6.388284573415552e-06,0.0027993865171465535,,,0.00011761995448975766,,2.7001303337198857e-06,0.0006015502958735881,,4.655834118437204e-07,,0.0018226389994942908,3.444132094120077e-05,,5.598627830886087e-05,0.06848810628958468,,,,1.7796069398290314e-05,,0.9036138469267797,0.00046180160310952653,,,,,0.006492044986311682,,Treat
66,6.287789694939804e-08,0.13666102926259824,0.009506494168367798,2.234905259637689e-08,0.26095961833666664,,,,1.2316811453128113e-06,,1.0045805275925096e-05,0.0034158160302655816,0.0006317502271025534,,1.4093158299516057e-06,0.00014690433786840776,,9.474525656413907e-06,0.0035440561816898245,2.0131197469615743e-06,0.00020464616307613875,0.002014787447546833,1.6733507024438547e-07,,0.0017946120161172288,0.0016660173314298739,3.7564764105605606e-05,0.002514159279156868,4.704556203780426e-09,1.3062514174174642e-05,1.221108661428473e-05,0.5697374557276184,,,0.0010839493733064505,,,4.648090468090617e-05,,0.00018897278339279958,,,0.005792722585178243,0.0,8.953640071993603e-09,2.710013566288781e-06,,,5.387976063126061e-07,Treat
67,4.237592026617192e-08,0.1077375018394902,0.003596543994244141,1.0136298617227376e-07,0.015377725549873588,,,,1.0008288340466669e-06,,7.053887541818943e-05,0.000353609929407402,0.0003441250420204195,,5.786041503917781e-05,0.0015848308586868265,,1.5443304807658796e-06,0.0006226686319388122,,0.000328003225786498,0.01962574740864133,2.3638610861853008e-06,0.0014088121130267446,0.0010909532454966106,0.003541543389685873,0.00014254779248786483,0.002122606685312769,,3.4450717023419274e-05,,0.7806622396283233,,3.5158812678086404e-05,0.0005340950466925202,,9.225850162984584e-07,6.610507992555717e-05,,0.000930948876878864,,,0.05961606213740892,0.00010877845787117402,,,,,5.66902318053888e-07,Treat
68,,,0.0337331855239585,6.583233093629019e-08,,,,,8.987825454134733e-06,,,0.13935610315607036,0.003042753847017789,2.8403731457873386e-05,,0.0009230266605152467,,3.981026572377348e-05,,,0.0009076436710410653,0.027813709664193484,,,0.04666239526402904,,0.0005944978470714202,,,,,,,0.1441162916316335,0.026132003596339617,,,,,0.008931671923332224,,,0.5677094495598313,,,,,,,Treat
69,,,0.0050884643318861965,,,,,,,,,0.02227392613669148,0.0033748381001982453,,,0.00011483589328671362,,,0.004180234983617286,,,0.014117773770819268,,0.0004629772502075833,0.005764714835372922,,7.87911784160493e-05,0.013040200038530929,,1.582874615157596e-06,,,,,0.0033660344922978804,0.6588249157525277,,,,0.0003852874058499847,0.2566019690877199,,0.0123234538679628,,,,,,,Treat
70,,,0.05161763282734741,1.5553881483166046e-06,,,,,,,,0.007514782118738859,0.027638971084274325,,,0.0004658620934655733,0.4394385713445799,,0.02793004520915124,,,0.15014170083785727,,,0.021804485362169987,,9.905438655553628e-05,,1.244728872934483e-05,,,,,,0.00027758521257523406,0.16300566821359444,,,,0.0006409021806647025,,,0.10941073645214787,,,,,,,Treat
71,,,0.0224580843432736,,0.1509808607953992,,,,,,,0.010687006698356491,0.007147172106206491,,1.628559930101543e-05,7.759855298766583e-05,0.4403921916454158,1.2212727631009886e-05,0.010298507219662896,,0.0021495868678135877,0.09803064418385515,,,0.034222925777286375,,0.00022902140040238805,0.0038087389127250794,8.660255707104586e-05,4.8422585485290375e-06,,,,0.01402646954546144,0.002781276592286821,,8.643938315042716e-06,,,0.0013722714698536965,,,0.046496933439564514,,,,,0.15471212336858206,,Treat
72,,,,,0.6153942867890562,0.003767806244113848,,,,,,0.00342169102628445,0.0003722330704274876,,7.9496280186315e-06,1.4226370356724981e-05,,9.522244644531212e-07,,,0.0001541268616555363,0.0016810195792023976,,,0.0002495128095011607,,1.681413472746084e-05,0.0013690595232986461,,,,,,0.0005536304668334967,0.00048197994837888676,0.13028259752534962,,,,7.207513415628254e-05,0.23896720831804016,,0.0031928303461346676,,,,,,,Treat
73,1.8225373683265145e-07,0.10922855194675504,0.008864813095698145,7.127877116834095e-09,,,,,3.3434755691607847e-06,,,0.004077014122783047,0.0008889058916649864,,2.1378804153433046e-05,0.0005716663218569725,,9.452320279074394e-06,0.0002596304300520214,1.8773928009566798e-06,0.0006073955105825642,0.011449349238397109,,,0.0003982824664383498,0.001824924571814769,0.00013388642553254754,0.005664433123250671,,,1.7829400339538502e-05,0.8273774928528677,,,0.001780578680036392,,1.0358204078190956e-06,6.576032530951715e-05,,0.00043256873500837934,,,0.026318765858320117,,,1.9893561705098568e-07,,,6.748728507571978e-07,Treat
74,,0.26106242005254293,0.03781786903269291,,,,,,1.1503802925139226e-07,4.806008396802831e-05,0.0002156934959727015,0.028340109811639553,0.001714141693177235,,7.418429167347403e-07,0.0031149062983454965,0.18648318026304708,7.133352348928196e-06,0.06932247038254497,,0.00019165861613916886,0.07966365596254796,,0.004065922774404585,0.04121737896358899,,,0.007126324598404762,,,,0.18668799995922747,0.0003988291639819838,0.0020712877672290054,0.017959041138949413,,,,,0.00021702167750593603,,,0.07227403803079503,,,,,,,Treat
75,,0.1965837007505564,0.09879632624909296,,0.17422770272560928,,,,,,6.250048651612387e-05,0.005179073277424917,0.004609423390907721,,1.175287678313784e-05,0.00013844997420420512,0.37818697499439397,7.862103179436714e-06,0.0423155248395338,,0.0006696481736614497,0.031088034573697187,,0.0006841874875407014,0.023251843025675668,0.0007000786267295169,4.851240276125184e-05,0.00463839514422671,,,,0.031343175886134486,,,0.003953984180610299,,,5.854137600999354e-06,,0.0008244792138070994,,,0.002672417230534561,,9.824881813680131e-08,,,,,Treat
76,,,,,0.2957503064254707,,,,,,,0.30738826764324617,0.03293068666696388,,,,,,,,,0.04039605587937525,0.0007408310538450535,,0.05980210603300867,,0.004210087585015929,0.022569732132055216,0.0005694013060672307,,,,,,0.04401015607085915,,,,,0.027060681554417557,,,0.16457168764967514,,,,,,,Treat
77,,,0.0013242649550127717,,,,,,,,,0.0004368166494993621,0.00031192583580281016,,,,,1.886542734991722e-07,,,,0.0006969739046200703,,7.448574578378796e-05,3.887838110099811e-05,,2.700082637712192e-05,,,,,,,,0.00023184282363716515,,2.5239035210415407e-06,,,8.365172567179451e-05,,0.9790614924065657,0.017516487130578365,,,,0.0001934670575555432,,,Treat
78,,,,,,,,,,,,,,,,,,,,,,0.8498211100480142,,,,,,,,,,,,0.0836643125826517,0.015990290398311187,,,,,0.0005642584046194668,,,0.04996002856640351,,,,,,,Treat
79,,0.13177372773149854,0.009837044315180782,7.167426206730018e-06,,,0.0003969028358423405,1.6697067610511485e-05,6.803068254168139e-08,7.84522050670668e-05,1.7489801902688913e-05,0.012354392500181431,0.001906061816656929,,2.941495296002235e-05,0.0013150243176525348,,4.351603786054865e-05,,,0.00033782311768397016,0.01548964679435684,0.00010127859763620126,,0.05577172625046582,0.0013768602707073608,4.122151523317802e-05,0.012402169919679885,,6.570057715357142e-06,1.5842114018230612e-05,0.03810406705070701,,,0.007007181925495929,0.6881520721082307,,,0.00540786658832174,0.00041627184974646683,0.00042183397763732,,0.0171716088230614,,,,,,,Treat
80,,,,,0.5296021334599187,0.00206200523768909,,,,,,0.004053902828224981,0.0009047690179727289,,,6.898154467383612e-06,,1.305128661293801e-06,,,,0.0037331030390122567,,,,,2.3161780395462367e-05,0.0017204230325872582,,,,,,0.0005195419971954166,0.0004049353878377773,0.16954505507221423,,,,0.00013284120569897106,0.2831266898482363,,0.0041632348098882156,,,,,,,Treat
81,,,,,,,,,2.6261073509690358e-05,,4.404219793885954e-05,0.05090891339885357,0.00880714927758585,,8.425397310480068e-06,0.005486248724335521,,2.4930533128923237e-05,0.006700514911065574,,8.405486589068571e-05,0.22012189020780407,,,0.2317796704164473,,0.00023484423997283886,0.015881066894880953,0.0001990354605201873,,,0.14788587588448196,,,0.02983155827861958,,2.025173639084521e-05,0.0025332684183737354,,0.003499599968142895,,,0.27592239811474656,,,,,,,Treat
82,1.1129067790596337e-07,0.03603318712951508,0.004996662974208632,1.5861140876530122e-08,0.02215647609023851,,,,1.2022296528759775e-08,,1.8030458017399325e-05,0.003024659113383979,0.00017596515853366204,,1.1139109682747738e-07,0.0008468234983218247,0.0012967445993266645,2.1339762777710474e-06,0.0004082950255410458,1.2186656475220445e-06,0.00011122814299128121,0.014355396218397671,,,0.021031060970998893,6.558813007065097e-05,1.023875901939652e-05,0.0004700869333037884,1.8665752129740433e-06,1.1089087829839776e-06,,0.04965219850243641,1.2923175776730795e-06,4.696223895120004e-06,0.0004972843061355873,0.8310256353504518,3.633501372127215e-07,1.0990759893541337e-05,,0.00013776712135620794,0.0117742542725415,0.000400992996452502,0.0014871315163704055,,5.609535770766703e-09,3.6578021446089404e-07,,,,Treat
83,1.059781639647436e-06,0.1199835035255782,0.01303044114426028,9.497710403569006e-07,0.055877508485136326,,,,1.0338206557372758e-07,1.875620227563444e-06,3.9561339221348625e-05,0.0076751475812999485,0.0017845003042754198,,4.133650019918545e-06,0.003292569589712318,,3.348154815878502e-05,0.1322896709120148,3.6044012170704742e-06,0.0005503648402473898,0.06836838636859563,3.122362903586276e-05,,0.03555840750254991,0.0015453224873363041,8.231737733854734e-05,0.0028759775007970168,5.265507134474128e-05,,2.3016195686604478e-05,0.3764999868422795,1.1060367524060744e-05,3.2307492050400046e-05,0.0021251142833833563,,2.0351971858937e-05,0.00010566595669227028,0.0005930870242690068,0.000228566864369569,,,0.17727800014018735,,,,,,7.704858593793873e-08,Treat
84,,,0.013040048854178926,,0.9737491802304689,,,,,,,0.0024175303722143862,0.002126155798651237,,,,,,,,,,,,0.0048190292096418905,,3.658889978775434e-05,,1.4673658322356987e-05,,,,,,0.0009430554569592201,,,,,0.0005902851167307211,,,0.0022634524030447235,,,,,,,Treat
85,,,9.148597429830865e-06,,,,,4.703363404691035e-06,2.708190537847454e-06,,,0.00036110623486582203,0.0011556531552085853,,,2.3071113382282492e-05,0.016544405322896746,,,,,0.0037227919282300016,,,0.0015596390159219118,,5.885756291434564e-07,,,,,,4.851752438797291e-05,,9.440460619575687e-05,0.014755597582984841,,,0.0023132444108490066,1.1669380161154223e-06,0.07401765489670888,0.8789092465770024,0.00019336950037076732,,,,,0.0062829824659773985,,Treat
86,,,0.013266310705498585,,0.975929890287404,,,,,,,0.0023238509594171123,0.0009034696248059588,,,2.000862711643162e-05,,5.523036396157088e-07,0.0010432003219627175,,5.655340426861323e-05,0.00030642349472254993,,,0.00298899704986671,,3.309305858712862e-05,,1.710075881692226e-05,2.100381594354732e-06,,,,,0.0005921626868839502,,,,,0.0005447410456266375,,,0.0019715452897888746,,,,,,,Treat
87,,0.00024998006495872174,6.378309987472151e-05,1.6396065682519152e-08,,1.92480258464085e-05,1.6246949862312718e-07,,4.655619150015803e-08,2.993664082411349e-06,1.980469164168467e-06,6.333439250159596e-07,0.0,,,3.5927732248233126e-06,,5.414281551688905e-08,,3.3708663588524454e-07,2.014098503434653e-06,,3.31853860719996e-08,,0.0,2.6670914256298767e-05,2.6746639550991336e-07,2.297322249423525e-05,1.73134891675327e-07,1.895522048618702e-08,,0.003308271374207227,1.2272574865293706e-05,,5.523973517044554e-07,0.008537117106776135,8.80739550754116e-09,0.0,0.0,1.9382443831087354e-06,7.4026468970061675e-06,0.9865488687415497,8.412990362144234e-06,,,1.9375820443048992e-07,1.0878569204821157e-06,0.0011788944316561223,,Treat
88,,,0.11619949661693008,,0.3623613081127895,,,,1.1598686656938193e-07,,,0.07300907586220186,0.021308453576340487,,9.047747331936182e-05,0.0008811048865969402,,1.1692288902921301e-05,,,0.004353107762639265,0.12323432849019406,,,0.02910079182531261,0.00011394403331865733,0.0008332759021415296,,,,,,,,0.039972761142339185,,1.4660154782880944e-06,0.00041692062381500105,,0.0038598199596936453,,,0.22425185944112,,,,,,,Treat
89,,0.32576328033816193,0.035522517124424696,2.7216145121342183e-06,,,3.855643333389074e-05,,8.866185811451497e-07,,9.710468075537293e-05,0.027591231778573283,0.001757434120138189,4.027783217108431e-08,1.7680963694697065e-05,0.004661813578929023,,6.802071274048404e-06,0.010562137225239791,,6.680759664610875e-05,0.04794029008130237,3.52891356983605e-05,,0.1950743699392153,,7.141541984693573e-05,0.003818898762523881,4.794942962289735e-05,1.6930036099879896e-06,,0.028877416774055524,,,0.004708885607148277,,,8.301953831573655e-05,0.1611971499814234,0.0005129433930063884,,,0.1515416645121346,,,,,,,Treat
90,,,0.0008826912189897273,,,,,,,,,0.00025462448416238196,0.00017076844696776647,,,,,1.450232140584801e-07,,,,0.0013051764322429091,,6.044939166686229e-05,0.00012805362048880648,,1.7551290484174226e-05,,,,,,,,8.56897952667567e-05,,1.047051031329585e-06,,,5.929010418830221e-05,,0.9852774291011276,0.011415973212665659,,,,0.0003411108275034483,,,Treat
91,,,0.7596248695565625,,,,,,6.050486549481336e-05,,,0.0724819084764974,0.03717641384091378,,0.0005510645253010887,,,,,,,0.03475484452231126,,,,,0.0004872814638692481,,,,,,,,0.03813519374464231,,,,,0.0011124396506147552,,,0.05561547935379282,,,,,,,Treat
92,6.086523000570963e-09,0.01299139387677371,0.000964617356211805,,,,,,3.876835845474267e-09,,,0.00036591467446462885,5.7497485593637256e-05,,0.0,5.0393803257696615e-05,0.0008727935416300707,4.417091479565068e-07,0.00029709227551562046,3.48605685714758e-07,1.8818869486893673e-05,0.0007966011502157468,8.983056777984323e-07,0.00013847191507763084,0.0037055148701697492,6.655892771881496e-06,6.456234325057665e-07,4.794017408306678e-06,,,1.6769249658992545e-06,0.010019701746150763,,0.0005413847378326314,8.474551305682278e-05,0.012267881343471176,7.411457406520687e-08,2.4980411144097407e-06,,1.8710101089335425e-06,1.2383322624243832e-05,0.956520357522438,0.000274410627984312,,1.8245238663520585e-09,1.0933527473235171e-07,,,,Treat
93,2.2345010790574675e-07,0.20511788358919436,0.008003852944092138,1.0521036085194385e-06,0.0960372738455879,0.023346095851727408,5.580988516110095e-06,2.509797785612508e-06,1.6736441425002964e-08,,2.6987247850601995e-05,0.013846644140979697,0.0008883488640263633,8.468184811248653e-09,2.741972852604348e-07,0.0030470537383542823,,8.356275219059185e-06,0.001907409192327378,7.446266119063777e-07,0.00031009937560055574,0.031212008401219602,7.299098819011687e-05,5.216358319487178e-07,0.132970576969678,0.0007165110439169759,8.270090770756286e-05,0.00390205774759851,,,,0.3160018721444072,,8.267618891089383e-06,0.0020638694853593567,,2.0803867785735103e-05,1.5796190710775892e-05,0.0019135186205821914,0.00032888049664190423,,,0.15813686408664385,,,2.297717929102315e-06,,,4.6643404754589306e-08,Treat
94,,,2.112232750340601e-05,,,,,3.2875050152229225e-06,2.6842163314334586e-06,,,0.0003537895585455342,0.0013695264579477349,,,2.1151386104945055e-05,0.011212984522931017,,,,,0.004284044962172437,,,0.0012150505792934733,,1.251960290020816e-06,,,,,,5.066721899229862e-06,,0.00021116881736881618,0.01653820782520927,,,0.0011156550735087684,7.527815843060042e-07,0.06910042901757567,0.8913453936545542,0.0002461053936341955,,,,,0.0029523272385302626,,Treat
95,,,,,0.6277312044240828,0.0027214063234600643,,,,,,0.0033781668551322824,0.0003994704264089453,,2.9578391949699336e-06,1.510205473364975e-06,,1.0958722854255772e-06,,,,0.002534172045069488,,,,,1.8029484258094507e-05,0.001700239228995842,,,,,,0.00036101659576815467,0.0003715480511867833,0.1210524450291266,,,,0.0001050341989042302,0.236465301247384,,0.003156402173268982,,,,,,,Treat
96,,0.024818689979982596,0.0014746347174190801,,0.6465172858666404,,,,1.9678342208192644e-08,,3.762137259809751e-05,0.000883685106749152,0.00037343372230800063,,3.441350185810578e-06,0.00023858792656514848,,4.332266557564309e-06,,,9.55836101564323e-05,0.0021834300822187727,,,0.001017973940222362,0.0007154439896026843,0.00011917948668608247,0.0005638254029355447,1.2271855970604131e-05,5.616984522589479e-06,2.188032171379253e-06,0.18295740094824087,,,0.00026552904087337817,0.13635225615239788,,,,9.599637348910586e-05,,,0.0012615059554086435,,,6.615775561674029e-08,,,,Treat
97,3.031877971235566e-08,0.0021983017482620345,0.00042926912819837143,7.432546972253757e-09,0.0024361755675669553,,,,1.6500185736341366e-08,,2.423643051045938e-06,0.00047869277058199585,0.00010433281945416544,,1.318171396672422e-07,5.656831539491713e-05,0.000969113037429514,8.148949444710248e-07,7.655101135564371e-05,5.075878300734637e-07,1.686597660573758e-05,0.001526449313516814,9.53097107150507e-08,,0.00029997963825865293,0.0001465367816470812,4.957474634990902e-06,0.0005833645872602217,,,3.2835438096487116e-06,0.025271387735202003,,,9.015642162010384e-05,0.04735247681606274,5.957614730464541e-07,3.112067708264089e-06,9.146599471767e-05,9.528468805615143e-06,,0.9167860252316675,0.001060768591392106,,,,,,1.3693185729413254e-08,Treat
98,,0.18254482256812865,0.003036530523736879,2.673988811451961e-06,,,,,6.037277080189371e-08,5.401218189328813e-06,0.00019417408001051547,0.006797032249109444,0.0014820180301769637,,8.677663130344027e-06,0.0036039691833505806,,1.1319490035840998e-05,0.0008142143799374227,1.578300431224146e-06,0.0004691391510650313,0.07205672769406324,0.0001191194960854549,,0.11637057585094651,0.0007110585464127978,0.00011638396623924617,0.0007724601638462462,9.01403289365931e-05,,7.2928770957821414e-06,0.4572379255159615,,1.0791431057125904e-05,0.0030073107286540226,,1.0640045968054822e-06,0.00014097273300471772,0.023491587586994465,0.0005074766796390357,,,0.12638670039309166,,1.899134300560865e-08,,,,7.818131472688251e-07,Treat
99,,0.015273444060308079,0.0013115096235730031,,0.00609965653982111,,,,,,8.433202976705808e-07,0.000989184873754116,0.0001241889875621498,,,0.00010837381373569493,0.0008673291343066008,7.199409087969811e-07,7.05226822937871e-05,,6.517442839812737e-05,0.002688923251240703,3.6177040784372205e-06,,0.00045528214760130655,,5.450792445298889e-06,0.0002762575304416523,,1.7191353636289193e-06,4.331803917970084e-07,0.005909381027753574,,5.867437550757539e-06,0.00015570057125186598,,3.65558548375596e-07,,,1.989343305215837e-05,,0.963149898471159,0.002416244492656144,,1.7861506116466e-08,,,,,Treat
100,,,0.004207768632381192,,0.040594552346143606,,,,,,,0.00026792106746221096,6.35204630275018e-05,,,,,7.755415793094678e-08,,,,0.0013588522875072704,,0.00013855485222125834,,,1.1089358433556534e-05,,,,,,,,0.0004520115936309423,,,,,0.00011124853626783399,,0.9452671075258552,0.00752729578291153,,,,,,,Treat
101,,0.6062491465656085,0.0008711064126330358,4.886807708989007e-07,,,1.3229615807527318e-05,,6.375437785240654e-07,,2.8712241962008147e-05,0.012977998121223496,0.0013192444099395552,2.8392145284786476e-08,4.103445048855616e-06,0.0009667756930497721,,6.138691616045343e-06,,,0.0002856938814346774,0.013644388683716879,1.2886116661059155e-05,,0.008138284550116065,0.0017500055248588036,6.852159566503497e-05,0.003967509096366705,,6.882738248984147e-05,1.4631497367861471e-05,0.17662588941117083,,1.646471406227485e-05,0.002754394303502579,,,0.00010934921384274791,0.011292286923604726,0.0013540486471676435,,,0.15657638349939124,0.00026798498985134464,,5.079152941202922e-08,,0.0006146259677951541,1.6339582156683133e-07,Treat
102,,0.11029372971804538,0.01150954050448901,,,,,,,,8.487450639837285e-06,0.007071378108301634,0.0005827298367711794,,,0.0009179693057393997,0.028505317224972553,9.344982359181201e-06,0.03344234292103441,,2.9796631714086837e-05,0.022832505896222058,,,0.041324415994461614,,5.4055258942983405e-05,,,1.8610344585526254e-05,,0.1647325586637043,,,0.001930266398363911,,,,,0.00027412010369803853,0.5493614154869539,,0.027101415169000897,,,,,,,Treat
103,,0.05099139939176165,0.0026101693290992356,,0.0023544460453306017,,,,3.438883997208147e-06,,2.414911944736939e-06,0.0039606275044586445,0.0009130331817204586,,,0.00036642153203539856,0.019247106007001188,5.4000377540685744e-06,0.1521888763079716,8.626982085090372e-06,0.00016601933780385411,0.02677681698485347,,,0.0012898642739609275,,3.0182987989368187e-05,0.003212894077274172,,1.5416467484185573e-06,,0.051718930212526826,4.253573758822685e-05,0.0006842476722371812,0.0005381695247170036,0.20736428199904483,,,,7.870021727241248e-05,0.1410054971930812,0.31355463084424506,0.020883727175497215,,,,,,,Treat
104,,,0.006312053071770477,8.833644279383283e-08,0.037180844945617304,,,,1.336587872636395e-06,,1.3356673913142214e-06,0.0007761360894703964,0.0005283325803298448,,5.913015391708637e-06,4.5371639219928206e-05,0.07769307966249517,5.176441734542328e-07,0.006902013247170262,,1.9796743434684133e-05,0.01244307366720469,2.3936975519341454e-06,,0.00208273825756099,1.9332051023334535e-05,2.5013987702996583e-05,0.001804845739665043,,2.0539468835645913e-07,,,3.6118184013522785e-05,,0.00023621420424826928,0.32202901219845614,1.249553707308312e-07,,0.0006416790697198368,3.353031219290043e-05,0.056231564765777765,0.4733819847243179,0.0015653471063335849,,2.453392011685156e-09,,,,,Treat
105,,0.00594610337239932,0.012237616212810677,3.1033925205892134e-08,0.20317588860302507,,,,1.94579484187187e-08,,2.8860440908154776e-06,0.007290662722641717,0.0007770429642911461,,9.635071963791466e-07,4.205860513701238e-05,,1.1578746995666297e-06,0.00607402868856881,,0.00015707338072071576,0.006967073067757786,,,0.0031616335739128613,,1.5508767672471294e-05,0.0010940142681645218,,8.958576054909551e-07,,0.008552552114351788,,0.00012826091359264793,0.0019709761055252016,,7.134556587400633e-08,3.6785201558133385e-05,,0.00029981872935687273,0.7023833755099376,0.02577347054392366,0.01391003153362026,,,,,,,Treat
106,4.376477709255785e-07,0.12378157574813674,0.00884925322608102,4.723245898865454e-08,0.041595474877102905,,0.0,,1.4447491824299784e-08,,0.00011727861008089182,0.008715249250950331,0.0010631879123722044,,1.063839776137509e-07,0.0011691771434087378,,4.729379060098919e-06,0.0016772323176153317,2.521513828886236e-06,0.0001882366335633492,0.007822341774172617,,,0.0036482858393936646,0.0019517319554462227,2.643753861129574e-05,0.003224036984677171,1.8574773039522137e-05,,4.197915554253611e-05,0.2995817212251119,,1.7587335378890718e-05,0.002007087605758675,0.4826854445366096,1.626703137749529e-07,4.812420602212878e-05,,0.00021578735864622014,,,0.011496831790710262,4.909665540732046e-05,1.5452304929805718e-09,1.981151684988102e-08,,,2.249145110007455e-07,Treat
107,,,,,,,,,,,,0.008962009695264232,,,,,,,,,,0.011970527177766914,,,,,,,,,,,,,,,,,,3.617163978256212e-05,,0.9790312914871863,,,,,,,,Treat
108,,,0.09858068831757233,3.707443059377545e-07,,,,,4.914779344231331e-06,,,0.19159275649368268,0.016441134625275914,1.8391549990665282e-07,0.00011842979418911836,0.00037335826177012057,0.06356138506562341,3.918907978874351e-05,,,0.0017878834543162878,0.13845974914800682,,,0.021506877069352247,,,,0.0004370319565194914,,,0.0468138968129594,,8.425622341771757e-05,0.04707849298251172,,,,,0.023403159587296468,,,0.3497117083552049,,,,,,4.533333362550602e-06,Treat
109,,0.0004390247055131967,4.841680439602856e-06,2.4567904975061972e-08,,4.507237720720481e-05,4.1849461321883953e-07,,,3.379130928479741e-08,5.104542425385513e-07,6.554700334470532e-06,,,,4.836319006424011e-06,,1.710659181716072e-07,9.730035986560031e-05,4.134661269217155e-08,2.8315242869399965e-05,,3.8854523195068594e-08,,,3.1513743225959646e-05,4.775659477158994e-06,0.0003481868324445658,,9.473599727531898e-08,,0.023933988373698496,,,8.36989226437679e-07,0.17619123411927248,5.8984608227081e-07,,5.1425515842909115e-05,3.070153883760186e-05,7.74636254350212e-05,0.7984578809358253,1.868138866971875e-05,,,,0.0002254427356048617,,,Treat
110,,,0.034996401702227044,1.4140255790858666e-06,0.13005547045770444,,,,,,,0.006309989662914968,0.003155719595395576,,4.253138595229451e-06,0.0005991647628531039,0.2223247228705784,1.3641289275853745e-06,0.02738269351274277,,8.066342974338711e-05,0.08742814783566702,3.108891301773355e-05,,0.019498866069624195,,7.101657007921907e-05,0.0003673073763312876,6.071362597297357e-06,,,,,,0.01078245803632111,0.3885166023626553,,,0.017656740256575418,0.00038959508974250256,,,0.050267579210036786,,,,7.266963009051979e-05,,,Treat
111,,0.03854901907818655,0.021574471596426,1.2275848811004345e-05,,,0.0007119400355576042,3.62400889476316e-05,1.2001974877351983e-07,0.00011278915597988518,4.201960616487538e-06,0.020119055645494616,0.002935249142089666,,5.112792657610509e-05,0.000678329040072347,,2.6020835001502568e-05,,,0.0005303611686163568,0.01612350315810518,0.00014030570224472918,,0.07750209653344832,0.00017551327165471857,5.838589291083121e-05,0.015013520567137461,,2.6621725206967807e-06,,,,9.382625907578595e-06,0.010427355358341384,0.7560855565673696,,,0.014137179659789223,0.0006480173497043837,0.0007245675090712428,,0.023610752089670194,,,,,,,Treat
112,,,,,,,,2.6170503320174414e-06,2.440582514584254e-06,,,0.0003377456246347235,0.0007391463538096551,,,3.4503728942108746e-05,0.008123067113781168,,,,,0.004969057238598183,,,0.001113532850813405,,5.774849139577642e-07,,,,,,7.104118526881586e-05,,0.0002229149393487944,0.02337724795729154,,,0.0015027940872803746,7.842369645136792e-07,0.05588829826602311,0.8948181541830166,0.00016869204809772905,,,,,0.008627385068368722,,Treat
113,,,0.002301561961610307,,0.009535878832537963,,,,,,,0.0019190175227169733,0.0005245746173261104,,,6.447990633872056e-06,0.004565018859340921,2.2723829727044283e-07,,,3.732575411511388e-05,0.002587574734545212,3.6261081951967358e-06,,0.0006123659989269147,,1.0192244485138057e-05,0.00030150182668611244,,,,,,,0.0001672854114276961,,,,,4.526836585924099e-05,,0.9729415397432707,0.00444059279002524,,,,,,,Treat
114,,0.023378808107664836,0.013588090541242794,,0.7687667647178418,,,,2.05516291483347e-07,,2.295721619585312e-05,0.005754839354995012,0.0004967924741116335,,,0.0006436261033268114,0.002555301481913315,6.877965691938282e-06,,3.4684686793802105e-06,2.9587165590553117e-05,0.01332216176113333,,,0.016757670169487433,0.0006515740590181574,9.477588337645602e-05,0.0036692285998963623,,2.4893228939862202e-05,,0.09397523067090861,,,0.0013970289553557388,,,6.367287408146553e-06,,0.0005274662236997778,,,0.05432628404723082,,,,,,,Treat
115,,,0.01579844054000029,,0.9640565883906789,,,,,,,0.0025487646721692055,0.0022983138990147916,,,,,1.3597602273850762e-07,,,,0.0008901603470417445,,,0.006279573803659096,,4.513885508905054e-05,,2.760084854361304e-05,,,,,,0.0011104065627550984,,,,,0.0007436460625221638,,,0.006201230042503306,,,,,,,Treat
